0
5
9
13
18
22
26
29
31
37
39
43
47
51
53
57
59
63
67
70
73
77
79
83
85
89
91
93
95
99
101
103
107
109
111
113
115
118
119
122
123
125
127
131
133
135
139
141
143
146
148
151
153
155
157
159
159
163
165
167
169
171
173
174
175
177
179
181
182
183
185
187
187
189
190
191
191
193
195
197
198
199
200
201
202
203
203
204
204
205
205
206
206
206
207
207
207
207
207
205
204
202
200
200
198
197
196
196
195
194
194
193
193
193
192
192
192
192
190
189
188
187
186
185
185
184
184
183
182
182
181
181
180
180
179
179
179
178
178
178
178
177
177
177
177
177
177
177
176
176
176
176
176
176
176
176
176
176
176
176
176
176
176
176
176
176
176
176
176
176
176
176
176
176
176
176
176
176
176
176
176
176
176
176
176
176
176
176
176
176
176
176
176
176
176
176
176
176
176
176
176
176
176
176
176
176
176
176
176
176
176
176
176
176
176
176
176
176
176
176
176
176
176
176
176
176
176
176
176
176
176
176
176
176
176
176
176
176
176
176
176
176
176
176
176
176
176
176
